t,total_ins_0,"f(0, 0)","f(0, 1)","f(0, 2)","f(0, 3)","f(0, 4)",Soma(0)
0.0000000000,0.9375000000,0.0625000000,0.2500000000,0.3750000000,0.2500000000,0.0625000000,1.0000000000
0.0000000000,0.9375000000,0.0625000000,0.2500000000,0.3750000000,0.2500000000,0.0625000000,1.0000000000
0.0100000000,0.9356871126,0.0606977031,0.2487356503,0.3749952142,0.2512585450,0.0643128874,1.0000000000
0.0200000000,0.9339911076,0.0590321109,0.2474529031,0.3749805737,0.2525255200,0.0660088924,1.0000000000
0.0300000000,0.9324019144,0.0574911854,0.2461650740,0.3749558737,0.2537897813,0.0675980856,1.0000000000
0.0400000000,0.9309105851,0.0560641145,0.2448829853,0.3749211555,0.2550423297,0.0690894149,1.0000000000
0.0500000000,0.9295091465,0.0547411708,0.2436153564,0.3748766544,0.2562759649,0.0704908535,1.0000000000
0.0600000000,0.9281904744,0.0535135874,0.2423691356,0.3748227559,0.2574849955,0.0718095256,1.0000000000
0.0700000000,0.9269481853,0.0523734506,0.2411497827,0.3747599580,0.2586649940,0.0730518147,1.0000000000
0.0800000000,0.9257765437,0.0513136053,0.2399615093,0.3746888397,0.2598125894,0.0742234563,1.0000000000
0.0900000000,0.9246703827,0.0503275718,0.2388074828,0.3746100352,0.2609252929,0.0753296173,1.0000000000
0.1000000000,0.9236250352,0.0494094735,0.2376900006,0.3745242122,0.2620013489,0.0763749648,1.0000000000
0.1100000000,0.9226362745,0.0485539726,0.2366106367,0.3744320545,0.2630396107,0.0773637255,1.0000000000
0.1200000000,0.9217002630,0.0477562134,0.2355703676,0.3743342483,0.2640394338,0.0782997370,1.0000000000
0.1300000000,0.9208135076,0.0470117729,0.2345696778,0.3742314704,0.2650005865,0.0791864924,1.0000000000
0.1400000000,0.9199728210,0.0463166163,0.2336086499,0.3741243806,0.2659231741,0.0800271790,1.0000000000
0.1500000000,0.9191752877,0.0456670584,0.2326870403,0.3740136143,0.2668075747,0.0808247123,1.0000000000
0.1600000000,0.9184182349,0.0450597285,0.2318043434,0.3738997779,0.2676543851,0.0815817651,1.0000000000
0.1700000000,0.9176992065,0.0444915400,0.2309598455,0.3737834458,0.2684643753,0.0823007935,1.0000000000
0.1800000000,0.9170159407,0.0439596630,0.2301526702,0.3736651574,0.2692384501,0.0829840593,1.0000000000
0.1900000000,0.9163663499,0.0434614997,0.2293818165,0.3735454167,0.2699776170,0.0836336501,1.0000000000
0.2000000000,0.9157485035,0.0429946628,0.2286461904,0.3734246912,0.2706829591,0.0842514965,1.0000000000
0.2100000000,0.9151606126,0.0425569562,0.2279446315,0.3733034120,0.2713556129,0.0848393874,1.0000000000
0.2200000000,0.9146010163,0.0421463571,0.2272759350,0.3731819749,0.2719967492,0.0853989837,1.0000000000
0.2300000000,0.9140681698,0.0417610011,0.2266388699,0.3730607407,0.2726075580,0.0859318302,1.0000000000
0.2400000000,0.9135606338,0.0413991675,0.2260321937,0.3729400369,0.2731892356,0.0864393662,1.0000000000
0.2500000000,0.9130770651,0.0410592672,0.2254546648,0.3728201589,0.2737429742,0.0869229349,1.0000000000
0.2600000000,0.9126162079,0.0407398308,0.2249050519,0.3727013716,0.2742699536,0.0873837921,1.0000000000
0.2700000000,0.9121768869,0.0404394992,0.2243821422,0.3725839112,0.2747713344,0.0878231131,1.0000000000
0.2800000000,0.9117580002,0.0401570133,0.2238847477,0.3724679868,0.2752482524,0.0882419998,1.0000000000
0.2900000000,0.9113585133,0.0398912067,0.2234117096,0.3723537821,0.2757018149,0.0886414867,1.0000000000
0.3000000000,0.9109774541,0.0396409973,0.2229619022,0.3722414574,0.2761330972,0.0890225459,1.0000000000
0.3100000000,0.9106139077,0.0394053808,0.2225342356,0.3721311507,0.2765431406,0.0893860923,1.0000000000
0.3200000000,0.9102670122,0.0391834244,0.2221276574,0.3720229801,0.2769329502,0.0897329878,1.0000000000
0.3300000000,0.9099359549,0.0389742612,0.2217411543,0.3719170448,0.2773034946,0.0900640451,1.0000000000
0.3400000000,0.9096199685,0.0387770848,0.2213737522,0.3718134267,0.2776557049,0.0903800315,1.0000000000
0.3500000000,0.9093183283,0.0385911448,0.2210245167,0.3717121924,0.2779904744,0.0906816717,1.0000000000
0.3600000000,0.9090303487,0.0384157425,0.2206925531,0.3716133938,0.2783086594,0.0909696513,1.0000000000
0.3700000000,0.9087553810,0.0382502269,0.2203770056,0.3715170698,0.2786110788,0.0912446190,1.0000000000
0.3800000000,0.9084928109,0.0380939909,0.2200770569,0.3714232476,0.2788985155,0.0915071891,1.0000000000
0.3900000000,0.9082420560,0.0379464685,0.2197919271,0.3713319437,0.2791717167,0.0917579440,1.0000000000
0.4000000000,0.9080025642,0.0378071314,0.2195208729,0.3712431649,0.2794313950,0.0919974358,1.0000000000
0.4100000000,0.9077738115,0.0376754861,0.2192631863,0.3711569095,0.2796782296,0.0922261885,1.0000000000
0.4200000000,0.9075553004,0.0375510719,0.2190181935,0.3710731679,0.2799128670,0.0924446996,1.0000000000
0.4300000000,0.9073465583,0.0374334581,0.2187852536,0.3709919240,0.2801359225,0.0926534417,1.0000000000
0.4400000000,0.9071471360,0.0373222418,0.2185637576,0.3709131554,0.2803479813,0.0928528640,1.0000000000
0.4500000000,0.9069566067,0.0372170464,0.2183531265,0.3708368342,0.2805495995,0.0930433933,1.0000000000
0.4600000000,0.9067745639,0.0371175191,0.2181528108,0.3707629283,0.2807413057,0.0932254361,1.0000000000
0.4700000000,0.9066006213,0.0370233300,0.2179622885,0.3706914012,0.2809236016,0.0933993787,1.0000000000
0.4800000000,0.9064344108,0.0369341697,0.2177810643,0.3706222130,0.2810969639,0.0935655892,1.0000000000
0.4900000000,0.9062755822,0.0368497484,0.2176086682,0.3705553208,0.2812618447,0.0937244178,1.0000000000
0.5000000000,0.9061238018,0.0367697946,0.2174446544,0.3704906793,0.2814186734,0.0938761982,1.0000000000
0.5100000000,0.9059787515,0.0366940535,0.2172885999,0.3704282410,0.2815678571,0.0940212485,1.0000000000
0.5200000000,0.9058401285,0.0366222861,0.2171401037,0.3703679567,0.2817097821,0.0941598715,1.0000000000
0.5300000000,0.9057076438,0.0365542681,0.2169987853,0.3703097758,0.2818448146,0.0942923562,1.0000000000
0.5400000000,0.9055810222,0.0364897891,0.2168642842,0.3702536468,0.2819733021,0.0944189778,1.0000000000
0.5500000000,0.9054600010,0.0364286511,0.2167362584,0.3701995173,0.2820955741,0.0945399990,1.0000000000
0.5600000000,0.9053443297,0.0363706685,0.2166143837,0.3701473345,0.2822119429,0.0946556703,1.0000000000
0.5700000000,0.9052337693,0.0363156666,0.2164983528,0.3700970452,0.2823227048,0.0947662307,1.0000000000
0.5800000000,0.9051280919,0.0362634812,0.2163878740,0.3700485963,0.2824281404,0.0948719081,1.0000000000
0.5900000000,0.9050270798,0.0362139580,0.2162826712,0.3700019345,0.2825285161,0.0949729202,1.0000000000
0.6000000000,0.9049305255,0.0361669518,0.2161824822,0.3699570072,0.2826240844,0.0950694745,1.0000000000
0.6100000000,0.9048382306,0.0361223258,0.2160870586,0.3699137617,0.2827150845,0.0951617694,1.0000000000
0.6200000000,0.9047500060,0.0360799513,0.2159961648,0.3698721463,0.2828017437,0.0952499940,1.0000000000
0.6300000000,0.9046656709,0.0360397072,0.2159095772,0.3698321095,0.2828842769,0.0953343291,1.0000000000
0.6400000000,0.9045850528,0.0360014794,0.2158270840,0.3697936009,0.2829628885,0.0954149472,1.0000000000
0.6500000000,0.9045079871,0.0359651603,0.2157484840,0.3697565708,0.2830377720,0.0954920129,1.0000000000
0.6600000000,0.9044343163,0.0359306485,0.2156735865,0.3697209702,0.2831091110,0.0955656837,1.0000000000
0.6700000000,0.9043638901,0.0358978485,0.2156022106,0.3696867513,0.2831770797,0.0956361099,1.0000000000
0.6800000000,0.9042965651,0.0358666701,0.2155341845,0.3696538671,0.2832418434,0.0957034349,1.0000000000
0.6900000000,0.9042322041,0.0358370282,0.2154693453,0.3696222718,0.2833035589,0.0957677959,1.0000000000
0.7000000000,0.9041706761,0.0358088427,0.2154075382,0.3695919203,0.2833623749,0.0958293239,1.0000000000
0.7100000000,0.9041118560,0.0357820377,0.2153486164,0.3695627691,0.2834184327,0.0958881440,1.0000000000
0.7200000000,0.9040556242,0.0357565418,0.2152924407,0.3695347755,0.2834718662,0.0959443758,1.0000000000
0.7300000000,0.9040018664,0.0357322874,0.2152388785,0.3695078978,0.2835228027,0.0959981336,1.0000000000
0.7400000000,0.9039504735,0.0357092107,0.2151878043,0.3694820957,0.2835713629,0.0960495265,1.0000000000
0.7500000000,0.9039013413,0.0356872513,0.2151390986,0.3694573299,0.2836176614,0.0960986587,1.0000000000
0.7600000000,0.9038543699,0.0356663524,0.2150926480,0.3694335623,0.2836618072,0.0961456301,1.0000000000
0.7700000000,0.9038094642,0.0356464599,0.2150483449,0.3694107557,0.2837039037,0.0961905358,1.0000000000
0.7800000000,0.9037665332,0.0356275229,0.2150060869,0.3693888743,0.2837440491,0.0962334668,1.0000000000
0.7900000000,0.9037254898,0.0356094933,0.2149657767,0.3693678832,0.2837823366,0.0962745102,1.0000000000
0.8000000000,0.9036862509,0.0355923253,0.2149273218,0.3693477487,0.2838188550,0.0963137491,1.0000000000
0.8100000000,0.9036487370,0.0355759759,0.2148906344,0.3693284382,0.2838536885,0.0963512630,1.0000000000
0.8200000000,0.9036128722,0.0355604041,0.2148556310,0.3693099200,0.2838869172,0.0963871278,1.0000000000
0.8300000000,0.9035785839,0.0355455712,0.2148222321,0.3692921635,0.2839186171,0.0964214161,1.0000000000
0.8400000000,0.9035458027,0.0355314406,0.2147903622,0.3692751393,0.2839488607,0.0964541973,1.0000000000
0.8500000000,0.9035144623,0.0355179776,0.2147599494,0.3692588188,0.2839777166,0.0964855377,1.0000000000
0.8600000000,0.9034844993,0.0355051492,0.2147309254,0.3692431744,0.2840052503,0.0965155007,1.0000000000
0.8700000000,0.9034558531,0.0354929242,0.2147032252,0.3692281796,0.2840315241,0.0965441469,1.0000000000
0.8800000000,0.9034284657,0.0354812732,0.2146767869,0.3692138086,0.2840565970,0.0965715343,1.0000000000
0.8900000000,0.9034022818,0.0354701680,0.2146515517,0.3692000368,0.2840805253,0.0965977182,1.0000000000
0.9000000000,0.9033772486,0.0354595822,0.2146274636,0.3691868402,0.2841033626,0.0966227514,1.0000000000
0.9100000000,0.9033533153,0.0354494903,0.2146044692,0.3691741958,0.2841251599,0.0966466847,1.0000000000
0.9200000000,0.9033304336,0.0354398687,0.2145825178,0.3691620816,0.2841459656,0.0966695664,1.0000000000
0.9300000000,0.9033085572,0.0354306944,0.2145615610,0.3691504760,0.2841658258,0.0966914428,1.0000000000
0.9400000000,0.9032876421,0.0354219461,0.2145415530,0.3691393586,0.2841847845,0.0967123579,1.0000000000
0.9500000000,0.9032676459,0.0354136031,0.2145224497,0.3691287095,0.2842028835,0.0967323541,1.0000000000
0.9600000000,0.9032485282,0.0354056462,0.2145042096,0.3691185098,0.2842201627,0.0967514718,1.0000000000
0.9700000000,0.9032302505,0.0353980567,0.2144867929,0.3691087410,0.2842366598,0.0967697495,1.0000000000
0.9800000000,0.9032127757,0.0353908173,0.2144701617,0.3690993856,0.2842524111,0.0967872243,1.0000000000
0.9900000000,0.9031960687,0.0353839113,0.2144542799,0.3690904266,0.2842674508,0.0968039313,1.0000000000
1.0000000000,0.9031800956,0.0353773228,0.2144391133,0.3690818478,0.2842818118,0.0968199044,1.0000000000
1.0100000000,0.9031648243,0.0353710369,0.2144246289,0.3690736333,0.2842955252,0.0968351757,1.0000000000
1.0200000000,0.9031502238,0.0353650391,0.2144107957,0.3690657682,0.2843086208,0.0968497762,1.0000000000
1.0300000000,0.9031362648,0.0353593160,0.2143975839,0.3690582380,0.2843211269,0.0968637352,1.0000000000
1.0400000000,0.9031229190,0.0353538546,0.2143849652,0.3690510288,0.2843330704,0.0968770810,1.0000000000
1.0500000000,0.9031101594,0.0353486426,0.2143729125,0.3690441273,0.2843444772,0.0968898406,1.0000000000
1.0600000000,0.9030979604,0.0353436683,0.2143614000,0.3690375205,0.2843553716,0.0969020396,1.0000000000
1.0700000000,0.9030862973,0.0353389206,0.2143504032,0.3690311963,0.2843657771,0.0969137027,1.0000000000
1.0800000000,0.9030751465,0.0353343890,0.2143398988,0.3690251428,0.2843757159,0.0969248535,1.0000000000
1.0900000000,0.9030644855,0.0353300634,0.2143298642,0.3690193486,0.2843852093,0.0969355145,1.0000000000
1.1000000000,0.9030542929,0.0353259342,0.2143202784,0.3690138029,0.2843942775,0.0969457071,1.0000000000
1.1100000000,0.9030445480,0.0353219922,0.2143111208,0.3690084952,0.2844029398,0.0969554520,1.0000000000
1.1200000000,0.9030352312,0.0353182289,0.2143023723,0.3690034155,0.2844112146,0.0969647688,1.0000000000
1.1300000000,0.9030263237,0.0353146358,0.2142940142,0.3689985541,0.2844191195,0.0969736763,1.0000000000
1.1400000000,0.9030178074,0.0353112053,0.2142860290,0.3689939019,0.2844266712,0.0969821926,1.0000000000
1.1500000000,0.9030096653,0.0353079297,0.2142783998,0.3689894500,0.2844338858,0.0969903347,1.0000000000
1.1600000000,0.9030018808,0.0353048020,0.2142711107,0.3689851898,0.2844407783,0.0969981192,1.0000000000
1.1700000000,0.9029944383,0.0353018153,0.2142641462,0.3689811134,0.2844473634,0.0970055617,1.0000000000
1.1800000000,0.9029873227,0.0352989631,0.2142574918,0.3689772128,0.2844536549,0.0970126773,1.0000000000
1.1900000000,0.9029805196,0.0352962394,0.2142511336,0.3689734806,0.2844596661,0.0970194804,1.0000000000
1.2000000000,0.9029740155,0.0352936382,0.2142450582,0.3689699096,0.2844654095,0.0970259845,1.0000000000
1.2100000000,0.9029677970,0.0352911538,0.2142392529,0.3689664929,0.2844708973,0.0970322030,1.0000000000
1.2200000000,0.9029618517,0.0352887811,0.2142337057,0.3689632241,0.2844761409,0.0970381483,1.0000000000
1.2300000000,0.9029561675,0.0352865149,0.2142284049,0.3689600966,0.2844811512,0.0970438325,1.0000000000
1.2400000000,0.9029507331,0.0352843502,0.2142233395,0.3689571046,0.2844859387,0.0970492669,1.0000000000
1.2500000000,0.9029455374,0.0352822826,0.2142184990,0.3689542422,0.2844905135,0.0970544626,1.0000000000
1.2600000000,0.9029405699,0.0352803076,0.2142138734,0.3689515038,0.2844948851,0.0970594301,1.0000000000
1.2700000000,0.9029358206,0.0352784210,0.2142094529,0.3689488841,0.2844990625,0.0970641794,1.0000000000
1.2800000000,0.9029312799,0.0352766187,0.2142052285,0.3689463781,0.2845030545,0.0970687201,1.0000000000
1.2900000000,0.9029269387,0.0352748971,0.2142011914,0.3689439809,0.2845068694,0.0970730613,1.0000000000
1.3000000000,0.9029227883,0.0352732523,0.2141973332,0.3689416877,0.2845105150,0.0970772117,1.0000000000
1.3100000000,0.9029188201,0.0352716810,0.2141936460,0.3689394942,0.2845139989,0.0970811799,1.0000000000
1.3200000000,0.9029150262,0.0352701798,0.2141901221,0.3689373959,0.2845173284,0.0970849738,1.0000000000
1.3300000000,0.9029113990,0.0352687456,0.2141867542,0.3689353889,0.2845205104,0.0970886010,1.0000000000
1.3400000000,0.9029079312,0.0352673753,0.2141835354,0.3689334691,0.2845235514,0.0970920688,1.0000000000
1.3500000000,0.9029046157,0.0352660660,0.2141804591,0.3689316329,0.2845264577,0.0970953843,1.0000000000
1.3600000000,0.9029014458,0.0352648151,0.2141775189,0.3689298765,0.2845292352,0.0970985542,1.0000000000
1.3700000000,0.9028984152,0.0352636198,0.2141747088,0.3689281967,0.2845318899,0.0971015848,1.0000000000
1.3800000000,0.9028955177,0.0352624778,0.2141720230,0.3689265899,0.2845344270,0.0971044823,1.0000000000
1.3900000000,0.9028927475,0.0352613865,0.2141694559,0.3689250532,0.2845368520,0.0971072525,1.0000000000
1.4000000000,0.9028900990,0.0352603437,0.2141670023,0.3689235834,0.2845391696,0.0971099010,1.0000000000
1.4100000000,0.9028875668,0.0352593473,0.2141646571,0.3689221777,0.2845413847,0.0971124332,1.0000000000
1.4200000000,0.9028851459,0.0352583951,0.2141624155,0.3689208332,0.2845435020,0.0971148541,1.0000000000
1.4300000000,0.9028828313,0.0352574853,0.2141602730,0.3689195474,0.2845455256,0.0971171687,1.0000000000
1.4400000000,0.9028806184,0.0352566158,0.2141582251,0.3689183177,0.2845474598,0.0971193816,1.0000000000
1.4500000000,0.9028785027,0.0352557848,0.2141562677,0.3689171417,0.2845493085,0.0971214973,1.0000000000
1.4600000000,0.9028764800,0.0352549908,0.2141543967,0.3689160169,0.2845510756,0.0971235200,1.0000000000
1.4700000000,0.9028745461,0.0352542320,0.2141526083,0.3689149413,0.2845527646,0.0971254539,1.0000000000
1.4800000000,0.9028726971,0.0352535067,0.2141508988,0.3689139126,0.2845543790,0.0971273029,1.0000000000
1.4900000000,0.9028709294,0.0352528137,0.2141492647,0.3689129288,0.2845559222,0.0971290706,1.0000000000
1.5000000000,0.9028692394,0.0352521513,0.2141477028,0.3689119880,0.2845573972,0.0971307606,1.0000000000
1.5100000000,0.9028676236,0.0352515183,0.2141462098,0.3689110884,0.2845588071,0.0971323764,1.0000000000
1.5200000000,0.9028660787,0.0352509133,0.2141447826,0.3689102280,0.2845601549,0.0971339213,1.0000000000
1.5300000000,0.9028646018,0.0352503351,0.2141434184,0.3689094052,0.2845614431,0.0971353982,1.0000000000
1.5400000000,0.9028631897,0.0352497824,0.2141421143,0.3689086184,0.2845626745,0.0971368103,1.0000000000
1.5500000000,0.9028618396,0.0352492542,0.2141408677,0.3689078660,0.2845638516,0.0971381604,1.0000000000
1.5600000000,0.9028605489,0.0352487494,0.2141396761,0.3689071465,0.2845649768,0.0971394511,1.0000000000
1.5700000000,0.9028593149,0.0352482669,0.2141385370,0.3689064585,0.2845660524,0.0971406851,1.0000000000
1.5800000000,0.9028581350,0.0352478058,0.2141374482,0.3689058006,0.2845670805,0.0971418650,1.0000000000
1.5900000000,0.9028570071,0.0352473650,0.2141364073,0.3689051714,0.2845680633,0.0971429929,1.0000000000
1.6000000000,0.9028559286,0.0352469437,0.2141354123,0.3689045698,0.2845690028,0.0971440714,1.0000000000
1.6100000000,0.9028548976,0.0352465410,0.2141344611,0.3689039945,0.2845699009,0.0971451024,1.0000000000
1.6200000000,0.9028539118,0.0352461561,0.2141335518,0.3689034444,0.2845707594,0.0971460882,1.0000000000
1.6300000000,0.9028529693,0.0352457882,0.2141326826,0.3689029184,0.2845715801,0.0971470307,1.0000000000
1.6400000000,0.9028520683,0.0352454365,0.2141318517,0.3689024154,0.2845723646,0.0971479317,1.0000000000
1.6500000000,0.9028512068,0.0352451004,0.2141310574,0.3689019344,0.2845731146,0.0971487932,1.0000000000
1.6600000000,0.9028503832,0.0352447791,0.2141302980,0.3689014745,0.2845738315,0.0971496168,1.0000000000
1.6700000000,0.9028495957,0.0352444720,0.2141295721,0.3689010348,0.2845745168,0.0971504043,1.0000000000
1.6800000000,0.9028488429,0.0352441784,0.2141288782,0.3689006143,0.2845751720,0.0971511571,1.0000000000
1.6900000000,0.9028481231,0.0352438978,0.2141282148,0.3689002122,0.2845757983,0.0971518769,1.0000000000
1.7000000000,0.9028474350,0.0352436296,0.2141275806,0.3688998277,0.2845763970,0.0971525650,1.0000000000
1.7100000000,0.9028467770,0.0352433732,0.2141269744,0.3688994601,0.2845769694,0.0971532230,1.0000000000
1.7200000000,0.9028461480,0.0352431281,0.2141263948,0.3688991086,0.2845775165,0.0971538520,1.0000000000
1.7300000000,0.9028455466,0.0352428938,0.2141258407,0.3688987725,0.2845780396,0.0971544534,1.0000000000
1.7400000000,0.9028449717,0.0352426699,0.2141253111,0.3688984511,0.2845785397,0.0971550283,1.0000000000
1.7500000000,0.9028444220,0.0352424558,0.2141248047,0.3688981438,0.2845790177,0.0971555780,1.0000000000
1.7600000000,0.9028438964,0.0352422511,0.2141243206,0.3688978500,0.2845794747,0.0971561036,1.0000000000
1.7700000000,0.9028433939,0.0352420555,0.2141238579,0.3688975690,0.2845799116,0.0971566061,1.0000000000
1.7800000000,0.9028429135,0.0352418685,0.2141234154,0.3688973004,0.2845803292,0.0971570865,1.0000000000
1.7900000000,0.9028424543,0.0352416897,0.2141229925,0.3688970435,0.2845807285,0.0971575457,1.0000000000
1.8000000000,0.9028420152,0.0352415189,0.2141225882,0.3688967980,0.2845811102,0.0971579848,1.0000000000
1.8100000000,0.9028415953,0.0352413555,0.2141222016,0.3688965631,0.2845814751,0.0971584047,1.0000000000
1.8200000000,0.9028411940,0.0352411993,0.2141218321,0.3688963386,0.2845818239,0.0971588060,1.0000000000
1.8300000000,0.9028408102,0.0352410501,0.2141214788,0.3688961239,0.2845821574,0.0971591898,1.0000000000
1.8400000000,0.9028404433,0.0352409073,0.2141211411,0.3688959187,0.2845824763,0.0971595567,1.0000000000
1.8500000000,0.9028400926,0.0352407709,0.2141208182,0.3688957224,0.2845827811,0.0971599074,1.0000000000
1.8600000000,0.9028397572,0.0352406405,0.2141205095,0.3688955348,0.2845830724,0.0971602428,1.0000000000
1.8700000000,0.9028394366,0.0352405158,0.2141202144,0.3688953554,0.2845833510,0.0971605634,1.0000000000
1.8800000000,0.9028391301,0.0352403966,0.2141199322,0.3688951838,0.2845836173,0.0971608699,1.0000000000
1.8900000000,0.9028388370,0.0352402827,0.2141196625,0.3688950198,0.2845838719,0.0971611630,1.0000000000
1.9000000000,0.9028385568,0.0352401738,0.2141194047,0.3688948630,0.2845841154,0.0971614432,1.0000000000
1.9100000000,0.9028382889,0.0352400696,0.2141191582,0.3688947130,0.2845843481,0.0971617111,1.0000000000
1.9200000000,0.9028380328,0.0352399701,0.2141189225,0.3688945697,0.2845845705,0.0971619672,1.0000000000
1.9300000000,0.9028377879,0.0352398749,0.2141186972,0.3688944326,0.2845847832,0.0971622121,1.0000000000
1.9400000000,0.9028375538,0.0352397840,0.2141184818,0.3688943016,0.2845849865,0.0971624462,1.0000000000
1.9500000000,0.9028373300,0.0352396970,0.2141182758,0.3688941763,0.2845851809,0.0971626700,1.0000000000
1.9600000000,0.9028371160,0.0352396138,0.2141180789,0.3688940564,0.2845853668,0.0971628840,1.0000000000
1.9700000000,0.9028369114,0.0352395344,0.2141178907,0.3688939419,0.2845855444,0.0971630886,1.0000000000
1.9800000000,0.9028367158,0.0352394584,0.2141177108,0.3688938324,0.2845857143,0.0971632842,1.0000000000
1.9900000000,0.9028365288,0.0352393857,0.2141175387,0.3688937277,0.2845858767,0.0971634712,1.0000000000
2.0000000000,0.9028363500,0.0352393163,0.2141173743,0.3688936275,0.2845860319,0.0971636500,1.0000000000
2.0100000000,0.9028361791,0.0352392499,0.2141172170,0.3688935318,0.2845861804,0.0971638209,1.0000000000
2.0200000000,0.9028360157,0.0352391864,0.2141170667,0.3688934403,0.2845863223,0.0971639843,1.0000000000
2.0300000000,0.9028358594,0.0352391257,0.2141169230,0.3688933528,0.2845864579,0.0971641406,1.0000000000
2.0400000000,0.9028357101,0.0352390677,0.2141167856,0.3688932691,0.2845865876,0.0971642899,1.0000000000
2.0500000000,0.9028355672,0.0352390123,0.2141166542,0.3688931891,0.2845867116,0.0971644328,1.0000000000
2.0600000000,0.9028354307,0.0352389592,0.2141165286,0.3688931127,0.2845868302,0.0971645693,1.0000000000
2.0700000000,0.9028353001,0.0352389085,0.2141164086,0.3688930395,0.2845869435,0.0971646999,1.0000000000
2.0800000000,0.9028351753,0.0352388601,0.2141162938,0.3688929696,0.2845870518,0.0971648247,1.0000000000
2.0900000000,0.9028350560,0.0352388138,0.2141161840,0.3688929028,0.2845871554,0.0971649440,1.0000000000
2.1000000000,0.9028349419,0.0352387695,0.2141160791,0.3688928389,0.2845872545,0.0971650581,1.0000000000
2.1100000000,0.9028348329,0.0352387271,0.2141159788,0.3688927778,0.2845873491,0.0971651671,1.0000000000
2.1200000000,0.9028347286,0.0352386866,0.2141158829,0.3688927194,0.2845874397,0.0971652714,1.0000000000
2.1300000000,0.9028346289,0.0352386479,0.2141157912,0.3688926635,0.2845875262,0.0971653711,1.0000000000
2.1400000000,0.9028345336,0.0352386109,0.2141157036,0.3688926101,0.2845876089,0.0971654664,1.0000000000
2.1500000000,0.9028344424,0.0352385756,0.2141156198,0.3688925591,0.2845876880,0.0971655576,1.0000000000
2.1600000000,0.9028343553,0.0352385417,0.2141155397,0.3688925102,0.2845877636,0.0971656447,1.0000000000
2.1700000000,0.9028342720,0.0352385094,0.2141154631,0.3688924636,0.2845878359,0.0971657280,1.0000000000
2.1800000000,0.9028341924,0.0352384785,0.2141153898,0.3688924190,0.2845879051,0.0971658076,1.0000000000
2.1900000000,0.9028341162,0.0352384490,0.2141153198,0.3688923763,0.2845879711,0.0971658838,1.0000000000
2.2000000000,0.9028340434,0.0352384207,0.2141152529,0.3688923355,0.2845880343,0.0971659566,1.0000000000
2.2100000000,0.9028339738,0.0352383937,0.2141151889,0.3688922965,0.2845880947,0.0971660262,1.0000000000
2.2200000000,0.9028339073,0.0352383679,0.2141151277,0.3688922592,0.2845881525,0.0971660927,1.0000000000
2.2300000000,0.9028338437,0.0352383432,0.2141150692,0.3688922236,0.2845882077,0.0971661563,1.0000000000
2.2400000000,0.9028337829,0.0352383196,0.2141150133,0.3688921895,0.2845882605,0.0971662171,1.0000000000
2.2500000000,0.9028337247,0.0352382970,0.2141149598,0.3688921569,0.2845883109,0.0971662753,1.0000000000
2.2600000000,0.9028336691,0.0352382754,0.2141149087,0.3688921258,0.2845883592,0.0971663309,1.0000000000
2.2700000000,0.9028336160,0.0352382548,0.2141148599,0.3688920960,0.2845884053,0.0971663840,1.0000000000
2.2800000000,0.9028335651,0.0352382351,0.2141148131,0.3688920675,0.2845884494,0.0971664349,1.0000000000
2.2900000000,0.9028335166,0.0352382163,0.2141147685,0.3688920403,0.2845884916,0.0971664834,1.0000000000
2.3000000000,0.9028334701,0.0352381982,0.2141147258,0.3688920142,0.2845885319,0.0971665299,1.0000000000
2.3100000000,0.9028334257,0.0352381810,0.2141146849,0.3688919893,0.2845885704,0.0971665743,1.0000000000
2.3200000000,0.9028333832,0.0352381645,0.2141146459,0.3688919656,0.2845886072,0.0971666168,1.0000000000
2.3300000000,0.9028333426,0.0352381488,0.2141146086,0.3688919428,0.2845886425,0.0971666574,1.0000000000
2.3400000000,0.9028333038,0.0352381337,0.2141145729,0.3688919211,0.2845886761,0.0971666962,1.0000000000
2.3500000000,0.9028332667,0.0352381193,0.2141145388,0.3688919003,0.2845887083,0.0971667333,1.0000000000
2.3600000000,0.9028332313,0.0352381056,0.2141145062,0.3688918804,0.2845887391,0.0971667687,1.0000000000
2.3700000000,0.9028331973,0.0352380924,0.2141144750,0.3688918614,0.2845887686,0.0971668027,1.0000000000
2.3800000000,0.9028331649,0.0352380798,0.2141144452,0.3688918432,0.2845887967,0.0971668351,1.0000000000
2.3900000000,0.9028331339,0.0352380678,0.2141144167,0.3688918258,0.2845888236,0.0971668661,1.0000000000
2.4000000000,0.9028331043,0.0352380563,0.2141143895,0.3688918092,0.2845888493,0.0971668957,1.0000000000
2.4100000000,0.9028330759,0.0352380453,0.2141143634,0.3688917933,0.2845888739,0.0971669241,1.0000000000
2.4200000000,0.9028330488,0.0352380348,0.2141143385,0.3688917781,0.2845888974,0.0971669512,1.0000000000
2.4300000000,0.9028330229,0.0352380248,0.2141143147,0.3688917636,0.2845889199,0.0971669771,1.0000000000
2.4400000000,0.9028329982,0.0352380152,0.2141142919,0.3688917497,0.2845889414,0.0971670018,1.0000000000
2.4500000000,0.9028329745,0.0352380060,0.2141142702,0.3688917365,0.2845889619,0.0971670255,1.0000000000
2.4600000000,0.9028329519,0.0352379972,0.2141142494,0.3688917238,0.2845889815,0.0971670481,1.0000000000
2.4700000000,0.9028329302,0.0352379888,0.2141142295,0.3688917117,0.2845890003,0.0971670698,1.0000000000
2.4800000000,0.9028329095,0.0352379808,0.2141142104,0.3688917001,0.2845890183,0.0971670905,1.0000000000
2.4900000000,0.9028328898,0.0352379731,0.2141141923,0.3688916890,0.2845890354,0.0971671102,1.0000000000
2.5000000000,0.9028328708,0.0352379658,0.2141141749,0.3688916784,0.2845890518,0.0971671292,1.0000000000
2.5100000000,0.9028328528,0.0352379587,0.2141141583,0.3688916682,0.2845890675,0.0971671472,1.0000000000
2.5200000000,0.9028328355,0.0352379520,0.2141141424,0.3688916585,0.2845890825,0.0971671645,1.0000000000
2.5300000000,0.9028328190,0.0352379456,0.2141141272,0.3688916493,0.2845890969,0.0971671810,1.0000000000
2.5400000000,0.9028328032,0.0352379395,0.2141141127,0.3688916404,0.2845891106,0.0971671968,1.0000000000
2.5500000000,0.9028327880,0.0352379336,0.2141140988,0.3688916320,0.2845891237,0.0971672120,1.0000000000
2.5600000000,0.9028327736,0.0352379280,0.2141140855,0.3688916239,0.2845891362,0.0971672264,1.0000000000
2.5700000000,0.9028327598,0.0352379227,0.2141140728,0.3688916161,0.2845891482,0.0971672402,1.0000000000
2.5800000000,0.9028327466,0.0352379176,0.2141140607,0.3688916087,0.2845891596,0.0971672534,1.0000000000
2.5900000000,0.9028327340,0.0352379127,0.2141140491,0.3688916016,0.2845891706,0.0971672660,1.0000000000
2.6000000000,0.9028327219,0.0352379080,0.2141140380,0.3688915949,0.2845891811,0.0971672781,1.0000000000
2.6100000000,0.9028327104,0.0352379035,0.2141140274,0.3688915884,0.2845891911,0.0971672896,1.0000000000
2.6200000000,0.9028326993,0.0352378992,0.2141140172,0.3688915822,0.2845892006,0.0971673007,1.0000000000
2.6300000000,0.9028326888,0.0352378951,0.2141140075,0.3688915763,0.2845892098,0.0971673112,1.0000000000
2.6400000000,0.9028326787,0.0352378912,0.2141139983,0.3688915707,0.2845892185,0.0971673213,1.0000000000
2.6500000000,0.9028326691,0.0352378875,0.2141139894,0.3688915653,0.2845892269,0.0971673309,1.0000000000
2.6600000000,0.9028326598,0.0352378839,0.2141139809,0.3688915601,0.2845892349,0.0971673402,1.0000000000
2.6700000000,0.9028326510,0.0352378805,0.2141139728,0.3688915552,0.2845892425,0.0971673490,1.0000000000
2.6800000000,0.9028326426,0.0352378772,0.2141139651,0.3688915504,0.2845892499,0.0971673574,1.0000000000
2.6900000000,0.9028326346,0.0352378741,0.2141139577,0.3688915459,0.2845892568,0.0971673654,1.0000000000
2.7000000000,0.9028326269,0.0352378711,0.2141139506,0.3688915416,0.2845892635,0.0971673731,1.0000000000
2.7100000000,0.9028326195,0.0352378683,0.2141139438,0.3688915375,0.2845892699,0.0971673805,1.0000000000
2.7200000000,0.9028326125,0.0352378655,0.2141139374,0.3688915335,0.2845892760,0.0971673875,1.0000000000
2.7300000000,0.9028326057,0.0352378629,0.2141139312,0.3688915298,0.2845892819,0.0971673943,1.0000000000
2.7400000000,0.9028325993,0.0352378604,0.2141139253,0.3688915262,0.2845892874,0.0971674007,1.0000000000
2.7500000000,0.9028325931,0.0352378581,0.2141139196,0.3688915227,0.2845892928,0.0971674069,1.0000000000
2.7600000000,0.9028325873,0.0352378558,0.2141139142,0.3688915194,0.2845892979,0.0971674127,1.0000000000
2.7700000000,0.9028325816,0.0352378536,0.2141139090,0.3688915163,0.2845893027,0.0971674184,1.0000000000
2.7800000000,0.9028325763,0.0352378515,0.2141139041,0.3688915132,0.2845893074,0.0971674237,1.0000000000
2.7900000000,0.9028325711,0.0352378495,0.2141138994,0.3688915104,0.2845893119,0.0971674289,1.0000000000
2.8000000000,0.9028325662,0.0352378476,0.2141138949,0.3688915076,0.2845893161,0.0971674338,1.0000000000
2.8100000000,0.9028325615,0.0352378458,0.2141138905,0.3688915050,0.2845893202,0.0971674385,1.0000000000
2.8200000000,0.9028325570,0.0352378440,0.2141138864,0.3688915025,0.2845893241,0.0971674430,1.0000000000
2.8300000000,0.9028325527,0.0352378424,0.2141138825,0.3688915000,0.2845893278,0.0971674473,1.0000000000
2.8400000000,0.9028325486,0.0352378408,0.2141138787,0.3688914977,0.2845893314,0.0971674514,1.0000000000
2.8500000000,0.9028325447,0.0352378393,0.2141138751,0.3688914955,0.2845893348,0.0971674553,1.0000000000
2.8600000000,0.9028325409,0.0352378378,0.2141138716,0.3688914934,0.2845893380,0.0971674591,1.0000000000
2.8700000000,0.9028325374,0.0352378364,0.2141138683,0.3688914914,0.2845893412,0.0971674626,1.0000000000
2.8800000000,0.9028325339,0.0352378351,0.2141138652,0.3688914895,0.2845893441,0.0971674661,1.0000000000
2.8900000000,0.9028325307,0.0352378338,0.2141138622,0.3688914877,0.2845893470,0.0971674693,1.0000000000
2.9000000000,0.9028325275,0.0352378326,0.2141138593,0.3688914859,0.2845893497,0.0971674725,1.0000000000
2.9100000000,0.9028325245,0.0352378314,0.2141138565,0.3688914842,0.2845893523,0.0971674755,1.0000000000
2.9200000000,0.9028325217,0.0352378303,0.2141138539,0.3688914826,0.2845893548,0.0971674783,1.0000000000
2.9300000000,0.9028325189,0.0352378293,0.2141138514,0.3688914811,0.2845893572,0.0971674811,1.0000000000
2.9400000000,0.9028325163,0.0352378283,0.2141138490,0.3688914796,0.2845893594,0.0971674837,1.0000000000
2.9500000000,0.9028325138,0.0352378273,0.2141138467,0.3688914782,0.2845893616,0.0971674862,1.0000000000
2.9600000000,0.9028325114,0.0352378264,0.2141138445,0.3688914769,0.2845893637,0.0971674886,1.0000000000
2.9700000000,0.9028325091,0.0352378255,0.2141138424,0.3688914756,0.2845893657,0.0971674909,1.0000000000
2.9800000000,0.9028325069,0.0352378246,0.2141138404,0.3688914744,0.2845893676,0.0971674931,1.0000000000
2.9900000000,0.9028325048,0.0352378238,0.2141138384,0.3688914732,0.2845893694,0.0971674952,1.0000000000
3.0000000000,0.9028325028,0.0352378230,0.2141138366,0.3688914721,0.2845893711,0.0971674972,1.0000000000
3.0100000000,0.9028325009,0.0352378223,0.2141138348,0.3688914710,0.2845893728,0.0971674991,1.0000000000
3.0200000000,0.9028324991,0.0352378216,0.2141138332,0.3688914700,0.2845893744,0.0971675009,1.0000000000
3.0300000000,0.9028324973,0.0352378209,0.2141138316,0.3688914690,0.2845893759,0.0971675027,1.0000000000
3.0400000000,0.9028324957,0.0352378203,0.2141138300,0.3688914681,0.2845893773,0.0971675043,1.0000000000
3.0500000000,0.9028324941,0.0352378196,0.2141138286,0.3688914672,0.2845893787,0.0971675059,1.0000000000
3.0600000000,0.9028324925,0.0352378190,0.2141138272,0.3688914663,0.2845893800,0.0971675075,1.0000000000
3.0700000000,0.9028324911,0.0352378185,0.2141138258,0.3688914655,0.2845893813,0.0971675089,1.0000000000
3.0800000000,0.9028324897,0.0352378179,0.2141138245,0.3688914647,0.2845893825,0.0971675103,1.0000000000
3.0900000000,0.9028324883,0.0352378174,0.2141138233,0.3688914640,0.2845893837,0.0971675117,1.0000000000
3.1000000000,0.9028324871,0.0352378169,0.2141138221,0.3688914632,0.2845893848,0.0971675129,1.0000000000
3.1100000000,0.9028324858,0.0352378164,0.2141138210,0.3688914626,0.2845893858,0.0971675142,1.0000000000
3.1200000000,0.9028324847,0.0352378160,0.2141138199,0.3688914619,0.2845893869,0.0971675153,1.0000000000
3.1300000000,0.9028324836,0.0352378156,0.2141138189,0.3688914613,0.2845893878,0.0971675164,1.0000000000
3.1400000000,0.9028324825,0.0352378151,0.2141138179,0.3688914607,0.2845893888,0.0971675175,1.0000000000
3.1500000000,0.9028324815,0.0352378148,0.2141138170,0.3688914601,0.2845893896,0.0971675185,1.0000000000
3.1600000000,0.9028324805,0.0352378144,0.2141138161,0.3688914596,0.2845893905,0.0971675195,1.0000000000
3.1700000000,0.9028324796,0.0352378140,0.2141138152,0.3688914590,0.2845893913,0.0971675204,1.0000000000
3.1800000000,0.9028324787,0.0352378137,0.2141138144,0.3688914585,0.2845893921,0.0971675213,1.0000000000
3.1900000000,0.9028324778,0.0352378133,0.2141138136,0.3688914581,0.2845893928,0.0971675222,1.0000000000
3.2000000000,0.9028324770,0.0352378130,0.2141138129,0.3688914576,0.2845893935,0.0971675230,1.0000000000
3.2100000000,0.9028324762,0.0352378127,0.2141138122,0.3688914572,0.2845893942,0.0971675238,1.0000000000
3.2200000000,0.9028324755,0.0352378124,0.2141138115,0.3688914567,0.2845893948,0.0971675245,1.0000000000
3.2300000000,0.9028324748,0.0352378122,0.2141138108,0.3688914563,0.2845893954,0.0971675252,1.0000000000
3.2400000000,0.9028324741,0.0352378119,0.2141138102,0.3688914560,0.2845893960,0.0971675259,1.0000000000
3.2500000000,0.9028324734,0.0352378116,0.2141138096,0.3688914556,0.2845893966,0.0971675266,1.0000000000
3.2600000000,0.9028324728,0.0352378114,0.2141138090,0.3688914553,0.2845893971,0.0971675272,1.0000000000
3.2700000000,0.9028324722,0.0352378112,0.2141138085,0.3688914549,0.2845893977,0.0971675278,1.0000000000
3.2800000000,0.9028324717,0.0352378109,0.2141138080,0.3688914546,0.2845893982,0.0971675283,1.0000000000
3.2900000000,0.9028324711,0.0352378107,0.2141138075,0.3688914543,0.2845893986,0.0971675289,1.0000000000
3.3000000000,0.9028324706,0.0352378105,0.2141138070,0.3688914540,0.2845893991,0.0971675294,1.0000000000
3.3100000000,0.9028324701,0.0352378103,0.2141138065,0.3688914537,0.2845893995,0.0971675299,1.0000000000
3.3200000000,0.9028324696,0.0352378102,0.2141138061,0.3688914535,0.2845893999,0.0971675304,1.0000000000
3.3300000000,0.9028324692,0.0352378100,0.2141138057,0.3688914532,0.2845894003,0.0971675308,1.0000000000
3.3400000000,0.9028324687,0.0352378098,0.2141138053,0.3688914530,0.2845894007,0.0971675313,1.0000000000
3.3500000000,0.9028324683,0.0352378096,0.2141138049,0.3688914527,0.2845894010,0.0971675317,1.0000000000
3.3600000000,0.9028324679,0.0352378095,0.2141138045,0.3688914525,0.2845894014,0.0971675321,1.0000000000
3.3700000000,0.9028324675,0.0352378093,0.2141138042,0.3688914523,0.2845894017,0.0971675325,1.0000000000
3.3800000000,0.9028324672,0.0352378092,0.2141138038,0.3688914521,0.2845894020,0.0971675328,1.0000000000
3.3900000000,0.9028324668,0.0352378091,0.2141138035,0.3688914519,0.2845894023,0.0971675332,1.0000000000
3.4000000000,0.9028324665,0.0352378089,0.2141138032,0.3688914517,0.2845894026,0.0971675335,1.0000000000
3.4100000000,0.9028324662,0.0352378088,0.2141138029,0.3688914515,0.2845894029,0.0971675338,1.0000000000
3.4200000000,0.9028324659,0.0352378087,0.2141138027,0.3688914514,0.2845894032,0.0971675341,1.0000000000
3.4300000000,0.9028324656,0.0352378086,0.2141138024,0.3688914512,0.2845894034,0.0971675344,1.0000000000
3.4400000000,0.9028324653,0.0352378085,0.2141138021,0.3688914510,0.2845894037,0.0971675347,1.0000000000
3.4500000000,0.9028324651,0.0352378084,0.2141138019,0.3688914509,0.2845894039,0.0971675349,1.0000000000
3.4600000000,0.9028324648,0.0352378083,0.2141138017,0.3688914508,0.2845894041,0.0971675352,1.0000000000
3.4700000000,0.9028324646,0.0352378082,0.2141138014,0.3688914506,0.2845894043,0.0971675354,1.0000000000
3.4800000000,0.9028324643,0.0352378081,0.2141138012,0.3688914505,0.2845894045,0.0971675357,1.0000000000
3.4900000000,0.9028324641,0.0352378080,0.2141138010,0.3688914504,0.2845894047,0.0971675359,1.0000000000
3.5000000000,0.9028324639,0.0352378079,0.2141138008,0.3688914502,0.2845894049,0.0971675361,1.0000000000
3.5100000000,0.9028324637,0.0352378079,0.2141138006,0.3688914501,0.2845894051,0.0971675363,1.0000000000
3.5200000000,0.9028324635,0.0352378078,0.2141138005,0.3688914500,0.2845894052,0.0971675365,1.0000000000
3.5300000000,0.9028324633,0.0352378077,0.2141138003,0.3688914499,0.2845894054,0.0971675367,1.0000000000
3.5400000000,0.9028324631,0.0352378076,0.2141138001,0.3688914498,0.2845894055,0.0971675369,1.0000000000
3.5500000000,0.9028324630,0.0352378076,0.2141138000,0.3688914497,0.2845894057,0.0971675370,1.0000000000
3.5600000000,0.9028324628,0.0352378075,0.2141137998,0.3688914496,0.2845894058,0.0971675372,1.0000000000
3.5700000000,0.9028324627,0.0352378074,0.2141137997,0.3688914495,0.2845894060,0.0971675373,1.0000000000
3.5800000000,0.9028324625,0.0352378074,0.2141137995,0.3688914495,0.2845894061,0.0971675375,1.0000000000
3.5900000000,0.9028324624,0.0352378073,0.2141137994,0.3688914494,0.2845894062,0.0971675376,1.0000000000
3.6000000000,0.9028324622,0.0352378073,0.2141137993,0.3688914493,0.2845894063,0.0971675378,1.0000000000
3.6100000000,0.9028324621,0.0352378072,0.2141137992,0.3688914492,0.2845894064,0.0971675379,1.0000000000
3.6200000000,0.9028324620,0.0352378072,0.2141137991,0.3688914492,0.2845894066,0.0971675380,1.0000000000
3.6300000000,0.9028324619,0.0352378071,0.2141137990,0.3688914491,0.2845894067,0.0971675381,1.0000000000
3.6400000000,0.9028324617,0.0352378071,0.2141137988,0.3688914490,0.2845894068,0.0971675383,1.0000000000
3.6500000000,0.9028324616,0.0352378071,0.2141137988,0.3688914490,0.2845894068,0.0971675384,1.0000000000
3.6600000000,0.9028324615,0.0352378070,0.2141137987,0.3688914489,0.2845894069,0.0971675385,1.0000000000
3.6700000000,0.9028324614,0.0352378070,0.2141137986,0.3688914489,0.2845894070,0.0971675386,1.0000000000
3.6800000000,0.9028324613,0.0352378069,0.2141137985,0.3688914488,0.2845894071,0.0971675387,1.0000000000
3.6900000000,0.9028324613,0.0352378069,0.2141137984,0.3688914488,0.2845894072,0.0971675387,1.0000000000
3.7000000000,0.9028324612,0.0352378069,0.2141137983,0.3688914487,0.2845894073,0.0971675388,1.0000000000
3.7100000000,0.9028324611,0.0352378068,0.2141137982,0.3688914487,0.2845894073,0.0971675389,1.0000000000
3.7200000000,0.9028324610,0.0352378068,0.2141137982,0.3688914486,0.2845894074,0.0971675390,1.0000000000
3.7300000000,0.9028324609,0.0352378068,0.2141137981,0.3688914486,0.2845894075,0.0971675391,1.0000000000
3.7400000000,0.9028324609,0.0352378068,0.2141137980,0.3688914485,0.2845894075,0.0971675391,1.0000000000
3.7500000000,0.9028324608,0.0352378067,0.2141137980,0.3688914485,0.2845894076,0.0971675392,1.0000000000
3.7600000000,0.9028324607,0.0352378067,0.2141137979,0.3688914485,0.2845894076,0.0971675393,1.0000000000
3.7700000000,0.9028324607,0.0352378067,0.2141137979,0.3688914484,0.2845894077,0.0971675393,1.0000000000
3.7800000000,0.9028324606,0.0352378067,0.2141137978,0.3688914484,0.2845894078,0.0971675394,1.0000000000
